Sample	ZV103	ZV105	ZV108	ZV109	ZV111	ZV114	ZV118	ZV119	ZV120	ZV122	ZV125	ZV126	ZV127	ZV128	ZV132	ZV133	ZV135	ZV137	ZV139	ZV143	ZV144	ZV215	ZV216	ZV217	ZV219	ZV220	ZV222	ZV223	ZV225	ZV228	ZV230	ZV232	ZV233	ZV235	ZV236	ZV238	ZV239	ZV101	ZV104	ZV106	ZV110	ZV112	ZV113	ZV115	ZV116	ZV117	ZV121	ZV129	ZV131	ZV134	ZV136	ZV138	ZV142	ZV201	ZV207	ZV209	ZV210	ZV211	ZV212	ZV214	ZV224	ZV227
D0_Lin- HLA-DR+ total DCs	0.694	1.815	0.849	1.18	1.425	0.827	0.9115	1.14	1.18	0.9575	1.75	1.715	1.405	0.733	1.52	2.24	1.13	0.5635	0.9595	1.65	1.0115	0.894	1.35	1.065	0.7055	0.991	1.04	1.56	1.215	1.13	0.686	1.125	0.6525	0.572	2.465	1.04	1.38	0.79	0.6435	0.485	0.7485	0.3515	1.16	0.672	0.59	1.11	0.6215	0.8545	1.025	1.33	1.105	0.7925	0.83	0.7455	0.7765	2.185	0.811	1.49	1.61	1.14	1.12	0.5245
D1_Lin- HLA-DR+ total DCs	0.583	1.635	1.105	1.09	1.17	0.9245	1.08	1.285	1.41	1.065	1.835	1.39	1.31	0.752	1.925	2.84	1.29	0.573	1.25	3.43	4.42	0.8745	1.245	1.5	0.72	1.005	0.925	1.59	1.55	0.959	0.642	1.105	0.5945	0.578	2.97	1.035	1.175	0.9975	0.5425	0.543	0.5575	0.444	1.2	0.778	0.9425	1.26	0.885	0.785	1.275	1.26	1.26	0.7065	3.405	0.906	1.03	2.13	1.48	1.79	1.615	1.13	1.0045	0.541
D3_Lin- HLA-DR+ total DCs	0.7585	1.745	1.445	1.0285	1.425	0.913	1.165	1.04	1.495	1.095	1.75	0.8985	1.365	0.933	1.785	2.38	1.052	0.5095	1.275	1.72	1.45	1.135	1.185	0.802	0.671	0.7925	0.926	1.585	1.7	0.8395	0.6935	1.0405	0.676	0.5055	2.335	0.679	1.115	1.13	0.6245	0.671	0.4805	0.404	0.7695	0.784	0.508	1.26	0.805	1.115	1.155	1.25	1.035	0.6295	0.7865	1.14	1.05	2.09	1.0185	1.89	2.06	1.155	1.095	0.558
D7_Lin- HLA-DR+ total DCs	0.6815	1.84	1.26	0.9545	0.9675	0.9845	1.17	0.9925	1.195	0.8655	1.725	1.0145	1.53	0.7965	1.645	2.62	1.165	0.4765	0.73	1.37	1.19	1.13	1.225	1.41	0.751	0.832	1.0645	1.77	1.435	0.883	0.5985	0.8435	0.6615	0.484	2.405	0.791	1.43	1.63	0.632	0.5605	0.6675	0.4075	0.9265	0.6675	0.665	1.225	0.886	0.8205	1.05	1.425	1.11	0.704	0.6415	0.695	1.115	1.85	1.01	1.47	1.605	0.971	0.9825	0.605
D14_Lin- HLA-DR+ total DCs	0.537	1.61	1.13	0.845	1.32	1.1	0.7665	0.982	0.9045	1.045	1.725	1.3	1.635	0.683	1.72	2.71	1.08	0.5925	0.8825	1.55	1.25	1.21	1.34	0.8925	0.86	0.896	1.045	2.075	1.415	0.8205	0.523	1.003	0.7095	0.424	2.41	0.7985	1.255	1.25	0.5955	0.426	1.065	0.373	0.9535	0.7335	0.5655	1.185	0.86	1.155	1.0505	1.355	0.9705	0.6735	0.9195	0.552	0.9615	1.755	1.11	1.805	1.725	1.095	1.28	0.6205
D0_CD11c+ Myeloid cells	0.442	0.8875	0.3815	0.3115	0.606	0.3815	0.4735	0.5215	0.7355	0.352	0.815	1.014	0.7425	0.3795	0.9255	1.21	0.6815	0.1715	0.273	0.766	0.4575	0.5235	0.6035	0.719	0.2735	0.5685	0.2615	0.7535	0.7255	0.5595	0.378	0.445	0.358	0.347	0.978	0.1865	0.4995	0.3325	0.3905	0.1885	0.425	0.189	0.397	0.389	0.273	0.454	0.316	0.391	0.5185	0.5945	0.555	0.2235	0.3565	0.402	0.367	0.997	0.3085	0.561	0.9325	0.5825	0.6585	0.184
D1_CD11c+ Myeloid cells	0.383	0.9065	0.434	0.2975	0.393	0.433	0.4865	0.5265	0.7725	0.457	0.714	0.5705	0.791	0.426	1.15	1.86	0.5875	0.1545	0.2995	1.61	2.245	0.363	0.537	1.0255	0.309	0.512	0.27	0.798	0.9245	0.529	0.303	0.461	0.321	0.328	1.365	0.3135	0.4	0.4715	0.2805	0.233	0.2745	0.208	0.394	0.487	0.3995	0.5185	0.481	0.4605	0.594	0.6695	0.542	0.2355	1.355	0.4855	0.4125	1.09	0.3855	0.626	0.9235	0.4995	0.466	0.17
D3_CD11c+ Myeloid cells	0.459	0.997	0.728	0.329	0.5645	0.4705	0.546	0.4215	0.863	0.432	0.6685	0.5605	0.693	0.448	1.095	1.45	0.615	0.1575	0.3355	0.791	0.6425	0.5545	0.5555	0.4485	0.274	0.4155	0.259	0.7265	0.907	0.3515	0.4645	0.4695	0.322	0.342	1.295	0.192	0.409	0.564	0.3395	0.299	0.2895	0.1875	0.3125	0.517	0.2625	0.6	0.546	0.48	0.548	0.6345	0.472	0.211	0.336	0.453	0.4845	0.8335	0.4615	0.738	1.033	0.664	0.55	0.1775
D7_CD11c+ Myeloid cells	0.391	0.908	0.5345	0.315	0.405	0.449	0.5155	0.442	0.691	0.4195	0.746	0.545	0.7405	0.4815	1.025	1.855	0.733	0.1445	0.239	0.709	0.6925	0.5565	0.675	0.97	0.2765	0.381	0.2515	0.899	0.7885	0.3945	0.2765	0.2935	0.3595	0.282	1.033	0.135	0.5075	0.6285	0.2805	0.194	0.345	0.1745	0.2775	0.4545	0.333	0.5395	0.4815	0.376	0.5615	0.6225	0.4495	0.2505	0.295	0.359	0.432	0.7085	0.405	0.612	0.844	0.5175	0.5605	0.2485
D14_CD11c+ Myeloid cells	0.2915	0.9655	0.458	0.237	0.4085	0.45	0.3355	0.37	0.4905	0.3705	0.79	0.6305	0.7155	0.36	0.995	1.8	0.622	0.196	0.255	0.755	0.5925	0.521	0.703	0.587	0.331	0.3925	0.2735	1.0265	0.8285	0.285	0.2325	0.3895	0.3765	0.27	0.947	0.318	0.4105	0.592	0.2795	0.202	0.3515	0.17	0.344	0.4805	0.2125	0.4765	0.4635	0.5755	0.493	0.6725	0.415	0.2045	0.3735	0.2875	0.465	0.8985	0.3895	0.7515	1.06	0.6045	0.6955	0.2365
D0_BDCA-1+ mDC1	0.414	0.8335	0.3505	0.28	0.5675	0.3385	0.4425	0.451	0.6745	0.3315	0.731	0.996	0.665	0.36	0.8735	1.115	0.615	0.167	0.2555	0.728	0.4475	0.4915	0.5545	0.6845	0.251	0.5015	0.2285	0.6935	0.685	0.5255	0.344	0.431	0.342	0.316	0.8365	0.1715	0.4835	0.316	0.344	0.1715	0.383	0.177	0.352	0.346	0.244	0.4125	0.3	0.3395	0.473	0.543	0.517	0.213	0.3315	0.3715	0.3225	0.9405	0.2945	0.517	0.8915	0.53	0.5045	0.1635
D1_BDCA-1+ mDC1	0.3575	0.846	0.396	0.2685	0.3615	0.379	0.4375	0.4575	0.7005	0.428	0.627	0.512	0.774	0.4055	1.09	1.755	0.5275	0.148	0.2725	1.445	2.055	0.3385	0.487	0.9675	0.284	0.469	0.242	0.727	0.867	0.4935	0.278	0.4465	0.304	0.2975	1.25	0.269	0.375	0.4515	0.238	0.214	0.248	0.193	0.3605	0.4405	0.3615	0.4635	0.4515	0.407	0.5305	0.5965	0.511	0.226	1.275	0.449	0.368	1.04	0.372	0.58	0.8835	0.452	0.417	0.16
D3_BDCA-1+ mDC1	0.4355	0.92	0.61	0.3055	0.522	0.415	0.4965	0.3685	0.796	0.41	0.596	0.5475	0.628	0.4265	1.035	1.345	0.56	0.151	0.319	0.7545	0.6205	0.5165	0.504	0.417	0.2515	0.3825	0.2325	0.6695	0.866	0.3265	0.437	0.453	0.3025	0.313	1.2	0.1815	0.397	0.538	0.298	0.2785	0.27	0.1705	0.2895	0.477	0.2385	0.5435	0.524	0.4185	0.4985	0.585	0.4485	0.2015	0.3145	0.4255	0.437	0.7945	0.4445	0.6875	0.986	0.6225	0.515	0.167
D7_BDCA-1+ mDC1	0.3685	0.85	0.489	0.288	0.375	0.403	0.471	0.3925	0.637	0.402	0.663	0.5275	0.652	0.46	0.9675	1.73	0.669	0.1395	0.227	0.671	0.6685	0.5275	0.6135	0.8805	0.2555	0.364	0.223	0.8235	0.7095	0.358	0.2555	0.282	0.343	0.257	0.956	0.1265	0.4845	0.598	0.251	0.178	0.3185	0.161	0.2455	0.412	0.287	0.47	0.454	0.328	0.5065	0.5795	0.42	0.236	0.2775	0.323	0.3685	0.6715	0.3915	0.566	0.792	0.4705	0.5065	0.236
D14_BDCA-1+ mDC1	0.27	0.9045	0.421	0.21	0.368	0.399	0.308	0.322	0.451	0.345	0.7105	0.6105	0.6355	0.34	0.9345	1.685	0.5535	0.1895	0.2455	0.704	0.5755	0.4805	0.6475	0.519	0.309	0.3475	0.213	0.9555	0.79	0.2665	0.212	0.378	0.363	0.24	0.875	0.303	0.3975	0.556	0.252	0.1885	0.3115	0.1585	0.3165	0.4385	0.184	0.4215	0.4475	0.5225	0.4545	0.62	0.396	0.194	0.342	0.2635	0.4095	0.844	0.3705	0.6925	1.0095	0.557	0.662	0.223
D0_CD123++ pDCs	0.219	0.8335	0.4245	0.71	0.7615	0.399	0.3625	0.499	0.366	0.537	0.7445	0.612	0.5785	0.289	0.4955	0.88	0.376	0.311	0.6105	0.7415	0.506	0.305	0.6545	0.2845	0.3735	0.384	0.6455	0.7275	0.382	0.5095	0.2475	0.618	0.2555	0.204	1.405	0.823	0.7395	0.402	0.157	0.2485	0.2285	0.1155	0.693	0.2275	0.2535	0.5875	0.123	0.3615	0.4065	0.6505	0.48	0.52	0.426	0.2735	0.3625	1.075	0.4545	0.829	0.5805	0.477	0.3855	0.2875
D1_CD123++ pDCs	0.166	0.656	0.623	0.672	0.6995	0.427	0.5205	0.6415	0.553	0.538	0.96	0.7445	0.425	0.262	0.6735	0.8855	0.61	0.3375	0.878	1.51	2.005	0.4495	0.625	0.411	0.3525	0.448	0.526	0.6805	0.5275	0.3695	0.291	0.597	0.223	0.229	1.53	0.666	0.6315	0.4585	0.187	0.2735	0.217	0.194	0.7435	0.241	0.483	0.663	0.196	0.252	0.5735	0.512	0.652	0.4255	1.83	0.3275	0.57	0.9345	1.025	1.04	0.6015	0.554	0.471	0.3075
D3_CD123++ pDCs	0.2755	0.68	0.666	0.5745	0.781	0.397	0.5515	0.5165	0.5455	0.599	0.8785	0.2825	0.58	0.4085	0.603	0.8535	0.3535	0.277	0.873	0.8305	0.7305	0.531	0.5355	0.262	0.348	0.3455	0.573	0.759	0.663	0.435	0.203	0.5265	0.312	0.1455	0.986	0.423	0.5915	0.5045	0.2255	0.335	0.1465	0.1565	0.414	0.2115	0.2035	0.5735	0.1655	0.562	0.513	0.535	0.507	0.371	0.3935	0.6375	0.4975	1.16	0.505	1.025	0.883	0.4175	0.488	0.3045
D7_CD123++ pDCs	0.2535	0.8605	0.6495	0.506	0.486	0.4805	0.548	0.4435	0.426	0.3545	0.776	0.364	0.6805	0.252	0.526	0.654	0.343	0.252	0.3925	0.5435	0.423	0.4935	0.431	0.329	0.378	0.413	0.634	0.7825	0.534	0.437	0.298	0.496	0.2485	0.187	1.26	0.596	0.7365	0.879	0.2755	0.3055	0.223	0.09685	0.543	0.143	0.2605	0.5425	0.192	0.352	0.3605	0.701	0.5645	0.3935	0.2905	0.2255	0.558	0.9205	0.559	0.746	0.612	0.386	0.356	0.288
D14_CD123++ pDCs	0.2215	0.583	0.639	0.463	0.8185	0.597	0.3665	0.4915	0.345	0.6275	0.7625	0.591	0.798	0.276	0.626	0.811	0.3755	0.3165	0.57	0.677	0.575	0.626	0.553	0.2625	0.4815	0.451	0.6575	0.9445	0.443	0.4785	0.269	0.5585	0.2745	0.136	1.405	0.437	0.7065	0.6055	0.263	0.196	0.2635	0.155	0.548	0.1645	0.2785	0.631	0.266	0.508	0.4155	0.6105	0.5045	0.4245	0.458	0.215	0.435	0.77	0.668	0.9645	0.5525	0.412	0.533	0.346
D0_BDCA-1-ve My cells	0.02775	0.0534	0.0305	0.03065	0.03865	0.0428	0.03145	0.07	0.06045	0.02045	0.0841	0.017	0.07765	0.01975	0.0519	0.09455	0.06615	0.004315	0.0178	0.03825	0.00975	0.03195	0.0486	0.03465	0.02265	0.06655	0.03365	0.06015	0.0401	0.03405	0.03345	0.01355	0.0154	0.031	0.1415	0.0153	0.0164	0.0165	0.0467	0.017	0.042	0.01225	0.0448	0.0429	0.02805	0.04105	0.0166	0.05185	0.04545	0.0517	0.0382	0.010535	0.0252	0.03055	0.04455	0.05875	0.01405	0.0444	0.04075	0.05275	0.1545	0.0207
D1_BDCA-1-ve My cells	0.02585	0.0606	0.0379	0.02865	0.0313	0.05395	0.0495	0.06875	0.07155	0.0288	0.08705	0.058	0.0166	0.02055	0.0604	0.10095	0.0602	0.00627	0.02715	0.1685	0.189	0.02435	0.0497	0.0559	0.02495	0.04295	0.0276	0.07135	0.0576	0.03515	0.0252	0.0146	0.017	0.03035	0.116	0.0445	0.02505	0.02035	0.0425	0.019	0.02675	0.015	0.03315	0.04655	0.03825	0.05505	0.02865	0.05335	0.06345	0.073	0.0306	0.00954	0.08185	0.03605	0.04385	0.0542	0.013	0.0462	0.0397	0.04755	0.04885	0.00962
D3_BDCA-1-ve My cells	0.0233	0.07795	0.118	0.0233	0.04235	0.05515	0.04945	0.0528	0.06695	0.02195	0.07265	0.0129	0.0654	0.0215	0.06025	0.11015	0.05475	0.00609	0.0174	0.0363	0.02175	0.0381	0.0519	0.03145	0.02235	0.03295	0.02675	0.0569	0.0401	0.02495	0.0276	0.01645	0.0196	0.02885	0.0913	0.010615	0.0119	0.0257	0.04105	0.0205	0.01975	0.0174	0.0229	0.0405	0.0233	0.057	0.02165	0.06205	0.04935	0.0496	0.0232	0.009695	0.0216	0.0274	0.04735	0.03915	0.01685	0.05005	0.04625	0.04125	0.0347	0.010495
D7_BDCA-1-ve My cells	0.02275	0.05795	0.04615	0.02735	0.02965	0.04615	0.04455	0.0494	0.05305	0.0172	0.08265	0.01655	0.0889	0.0219	0.0591	0.1235	0.0639	0.005235	0.01185	0.0377	0.02355	0.0291	0.06145	0.0894	0.02115	0.017	0.02895	0.07565	0.0788	0.03655	0.02115	0.011225	0.01635	0.0251	0.0795	0.008865	0.0229	0.03065	0.02965	0.0157	0.02625	0.01345	0.03115	0.04235	0.04595	0.06965	0.02735	0.0482	0.0551	0.0428	0.0298	0.01445	0.0181	0.03615	0.0635	0.0368	0.01435	0.0456	0.05165	0.04685	0.05435	0.0128
D14_BDCA-1-ve My cells	0.0215	0.0603	0.03695	0.02755	0.04055	0.05115	0.0273	0.0478	0.03915	0.0253	0.0796	0.01805	0.08025	0.0197	0.0606	0.1185	0.06865	0.006185	0.009635	0.05115	0.01665	0.0402	0.05485	0.0681	0.02245	0.04525	0.06075	0.0721	0.0387	0.0183	0.02045	0.01165	0.0139	0.0302	0.07025	0.01455	0.013	0.03595	0.0272	0.01355	0.0397	0.0118	0.02755	0.04225	0.02855	0.05525	0.0163	0.0532	0.0381	0.0527	0.0192	0.0108	0.03105	0.0244	0.05505	0.05465	0.01885	0.0592	0.05445	0.047	0.03315	0.01345
D0_CD11cloCD123loHLA-DR+ cells	0.0333	0.09345	0.0417	0.152	0.0584	0.04565	0.0736	0.12	0.0758	0.0673	0.1905	0.08655	0.0811	0.06395	0.09995	0.153	0.0709	0.07345	0.07315	0.09665	0.0462	0.06445	0.09045	0.05895	0.0567	0.0365	0.1305	0.07855	0.10745	0.06345	0.06095	0.05795	0.0396	0.0213	0.0777	0.034	0.1415	0.0552	0.0945	0.04705	0.09275	0.04665	0.0698	0.0561	0.0627	0.0713	0.183	0.1015	0.10105	0.0845	0.0716	0.04335	0.04355	0.07115	0.04595	0.1035	0.0482	0.0984	0.0977	0.07685	0.074	0.05245
D1_CD11cloCD123loHLA-DR+ cells	0.0338	0.06715	0.04585	0.123	0.07595	0.06395	0.06865	0.115	0.08185	0.0675	0.1625	0.0768	0.09365	0.06325	0.10185	0.0925	0.08895	0.072	0.06635	0.2285	0.1585	0.0613	0.07865	0.06305	0.05795	0.0451	0.1295	0.1074	0.096	0.0591	0.0485	0.04945	0.0505	0.02025	0.0752	0.05845	0.1425	0.0696	0.0747	0.036	0.0644	0.0412	0.0631	0.0493	0.05885	0.0819	0.2085	0.07205	0.105	0.0783	0.0665	0.03795	0.2045	0.09315	0.0503	0.106	0.06935	0.1215	0.09305	0.07475	0.06475	0.06435
D3_CD11cloCD123loHLA-DR+ cells	0.0237	0.06865	0.0476	0.126	0.07645	0.04395	0.06435	0.09825	0.0856	0.06215	0.203	0.05515	0.08565	0.07615	0.0852	0.0773	0.0813	0.0713	0.06555	0.0792	0.07865	0.05215	0.0939	0.09075	0.04875	0.03105	0.0947	0.0985	0.133	0.0532	0.0257	0.0457	0.04235	0.0175	0.05855	0.06325	0.1135	0.06335	0.05885	0.0372	0.0432	0.0594	0.0428	0.05485	0.0423	0.0851	0.09435	0.07275	0.0938	0.0778	0.05695	0.041	0.05405	0.04695	0.06945	0.10015	0.0508	0.1225	0.149	0.07305	0.06035	0.07615
D7_CD11cloCD123loHLA-DR+ cells	0.03635	0.07025	0.0766	0.1315	0.0757	0.05575	0.1008	0.1074	0.07525	0.09055	0.203	0.1032	0.107	0.06225	0.09245	0.1102	0.0885	0.07845	0.09565	0.09795	0.07595	0.08055	0.1185	0.111	0.0954	0.03715	0.1775	0.09145	0.1115	0.05135	0.0241	0.05335	0.05365	0.0151	0.1095	0.0605	0.186	0.1215	0.0752	0.06055	0.09825	0.135	0.10625	0.0686	0.07075	0.14	0.2135	0.09175	0.1225	0.1053	0.09425	0.0529	0.05415	0.111	0.1245	0.224	0.0477	0.111	0.146	0.06845	0.06535	0.0674
D14_CD11cloCD123loHLA-DR+ cells	0.0239	0.06515	0.03655	0.143	0.09375	0.0506	0.06405	0.1215	0.069	0.0468	0.172	0.0766	0.1185	0.0471	0.102	0.1015	0.08275	0.0738	0.0568	0.09575	0.0788	0.0597	0.07965	0.04285	0.04655	0.05165	0.1135	0.10035	0.142	0.0571	0.02105	0.0548	0.05885	0.0174	0.0591	0.04315	0.142	0.0514	0.05225	0.02765	0.4465	0.04785	0.0607	0.089	0.0737	0.0801	0.131	0.0707	0.14	0.0741	0.05075	0.0391	0.08645	0.04925	0.0626	0.0843	0.057	0.0904	0.1135	0.07455	0.04965	0.03795
D0_CD123+ Basophils	1.345	0.915	1.075	1.915	2.08	1.335	3.29	1.115	1.425	0.996	2.95	3.05	2.15	2.31	1.105	1.58	1.995	1.36	1.445	0.9605	0.9975	1.275	3.275	1.99	0.884	0.4375	1.76	0.914	1.2	2.04	1.625	2.655	0.9	1.655	1.515	2.58	2.01	1.455	0.6085	1.125	0.165	1.255	0.577	1.47	0.4875	0.472	3.055	1.14	1.325	1.12	1.315	1.5	1.99	0.623	1.245	0.658	1.025	3.06	1.145	0.9975	2.11	1.85
D1_CD123+ Basophils	0.9735	1.205	1.69	2.055	1.99	0.985	3.495	1.13	1.455	1.115	3.265	2.235	2.46	1.975	1.505	2.78	1.805	1.495	1.665	0.155	0.1745	1.41	2.97	0.8825	0.857	1.495	1.52	1.81	0.954	1.99	1.64	2.955	1.005	2.5	2.55	1.36	1.8	1.69	0.6905	1.25	0.09925	1.355	0.794	1.18	0.638	1.065	2.365	1.0005	2.115	1.535	1.45	1.385	1.145	1.135	1.345	0.705	0.981	2.805	1.11	1.805	0.8595	2.145
D3_CD123+ Basophils	0.819	1.39	0.86	1.72	2.665	1.17	4.005	1.085	1.55	0.7535	4.09	2.315	1.955	1.965	1.675	2.14	2.03	1.345	1.775	1.15	1.12	1.705	3.115	1.62	2.085	1.505	1.17	2.21	0.895	1.195	2.02	1.995	0.849	1.87	1.55	2.905	1.785	1.375	0.4875	1.275	0.12	1.425	0.7815	1.295	0.718	1	1.81	1.915	1.545	0.928	1.48	1.26	1.905	0.423	0.9545	0.531	1.195	2.75	1.775	1.295	1.73	2.535
D7_CD123+ Basophils	1.455	1.41	1.705	1.995	2.065	1.6	3.365	1.165	1.585	0.5375	3.835	2.055	2.125	2.21	1.975	2.585	2.015	1.245	1.615	0.7485	0.8065	1.84	2.91	1.655	1.625	1.835	1.575	1.285	0.814	1.55	3.145	4.12	0.9625	1.77	2.475	3.975	2.035	2.72	0.8135	1.07	0.1185	1.0585	1.14	1.49	0.5485	1.017	3.7	2.11	1.19	0.9995	1.58	1.89	1.55	1.095	1.72	0.619	0.881	2.375	1.245	1.045	1.555	2.51
D14_CD123+ Basophils	0.8175	1.46	1.425	1.94	2.59	1.715	3.425	1.065	1.565	0.605	4.34	1.95	2.275	2.02	2.01	2.41	2.495	1.19	1.195	1.22	1.008	1.595	3.235	1.62	1.62	0.787	1.365	1.665	0.742	1.395	0.9245	3.84	0.905	1.565	2.28	2.895	2.445	2.345	0.791	1.485	0.125	1.465	1.036	1.325	0.7115	1.255	2.335	1.27	1.255	0.959	1.36	1.055	2.185	0.9645	0.6615	0.4545	0.8555	1.655	0.856	1.15	1.555	1.64
D0_CD16++ Neutrophils	0.383	1.145	0.3615	1.072	1.435	0.653	0.2605	1.285	2.45	0.69	1.66	3.065	1.295	2.005	1.4	1.225	0.7375	0.7625	1.0925	1.575	2.275	1.47	1.88	3.94	14.35	1.14	0.9155	9.14	20.45	2.045	5.715	8.195	4.94	1.69	2.035	7.89	3.49	2.82	0.187	0.974	0.683	0.726	1.57	0.295	0.2115	0.8475	0.2615	0.34	0.7525	1.077	0.6115	1.27	1.11	1.645	2.515	5.72	0.5315	2.97	0.5845	1.13	1.235	5.14
D1_CD16++ Neutrophils	0.262	0.618	0.315	0.837	1.615	0.886	0.3885	2.645	2.205	0.935	2.695	1.28	2.955	2.17	1.24	1.375	0.832	1.85	1.165	0.659	0.7035	1.815	1.59	2.535	17.85	0.5975	3.635	3.99	18.55	7.32	21.5	13.75	2.27	1.415	3.43	14.75	5.78	0.411	0.1375	0.1525	0.363	0.352	1.705	0.158	0.1515	0.2165	0.17	0.599	0.4465	1.08	2.12	0.544	0.128	4.395	4.97	4.055	0.725	2.29	1.74	1.575	6.32	1.66
D3_CD16++ Neutrophils	0.176	0.4715	0.1545	0.6475	1.495	0.7265	0.692	0.5485	1.495	1.028	1.96	2.795	0.8865	2.125	1.69	1.725	0.9175	0.723	0.895	1.955	2.89	1.0085	2.06	18.15	2.31	4.07	3.99	3.655	29.3	9.78	2.855	0.8045	7.465	2.12	1.925	4.565	6.18	0.453	0.13	0.2525	0.456	0.6275	0.97	0.5425	0.1565	0.44	0.2955	0.8685	0.863	0.574	1.155	0.398	1.65	9.835	3.605	6.075	0.695	2.115	3.205	1.675	2.015	3.785
D7_CD16++ Neutrophils	0.287	1.05	0.3875	0.5345	0.9375	0.5065	0.356	0.6855	1.41	0.601	1.85	1.56	0.9205	2.62	1.27	2.495	0.519	0.6325	0.44	0.8265	1.6	1.455	1.095	2.46	1.845	1.15	2.62	5.215	22.25	12.45	3.515	2.88	4.145	1.59	3.3	6.075	4.51	0.9345	0.2865	0.1585	0.466	0.3345	1.085	0.2465	0.2845	0.2135	0.351	0.4155	0.58	0.9065	0.5375	1.325	0.32	4.25	6.575	8.205	0.6115	1.36	0.7805	1.31	5.98	1.755
D14_CD16++ Neutrophils	0.10495	0.8085	0.38	0.672	1.225	1.25	0.2165	0.877	2.02	0.7265	3.045	2.365	0.9755	1.04	1.245	0.9665	0.437	0.5375	0.686	1.595	1.65	0.949	1.46	1.505	2.945	1.0235	1.935	35.7	7.565	2.6	21.3	2.18	17.95	1.44	4.065	4.63	5.82	0.4795	0.357	0.4705	0.656	0.531	0.8975	0.556	0.1305	0.1955	0.0701	0.4985	0.9745	0.81	0.3865	0.4205	0.709	3.165	1.03	3	1.0105	1.385	0.288	1.004	0.8855	22.1
D0_CD14+ Monocytes	24.55	14.75	11.95	22.2	20	16.85	15.15	27.1	16.55	17.8	14.75	38.5	31.8	10.75	14.7	21.95	20.05	11.1	11.55	18.9	10.7	12.1	17.45	18.45	8.26	8.66	14.8	15.35	14.8	11.8	13.1	10.75	7.7	7.625	15.1	21.1	19.4	13.2	7.905	8.045	12.9	10.9	8.31	13.2	14.15	16.75	13.8	14.2	26.2	21.15	16.9	12.85	13.1	19	12	11.8	7.22	11.6	12.05	9.325	13.55	8.55
D1_CD14+ Monocytes	28.2	26.15	18.7	27.75	15.1	20.7	18.95	24.4	17.95	26	18.75	24.25	42.3	8.415	16.3	25.6	22.3	9.375	18.5	30	20.65	10.65	23.15	24.85	9.13	7.71	13.25	26.7	20.5	12.5	18.75	14.45	9.27	9.72	14.55	16.75	23.9	13.55	8.6	10.14	9.25	10.285	12.7	16.15	15.45	16.95	13.3	15.8	34.4	21.1	15.55	11.45	35.45	28.95	15.95	10.165	11.35	13.15	13.85	10.6	20.75	7.315
D3_CD14+ Monocytes	22.35	24.7	20.1	19.95	20.25	22	21.6	20.65	15.6	16.4	13.75	22.25	29.1	9.3	16.6	33.9	18.7	11.25	16.3	23.7	11.3	11.2	18.9	12.65	7.885	9.36	13.35	20.45	14.2	10.95	19.4	10.26	7.36	8.235	16.5	15.1	21.1	12.6	5.215	12.95	11.1	9.355	12.45	13.7	18	19.8	9.99	17.35	25.6	17.35	15.75	11	17.3	46.15	10.005	9.94	8.755	14	22.1	9.51	16	12.85
D7_CD14+ Monocytes	22.1	26.95	17.5	20.15	16.6	21.1	15.75	18.65	15	15.5	15.75	25.85	31.4	11.65	16	30.85	23.2	8.555	12.7	22.35	11.585	8.175	18.8	16.1	7.95	8.045	15.2	19.7	19.1	15	24.4	12.95	11.15	5.705	15.9	12.05	22.15	15.9	7.295	12.1	11.7	4.84	5.315	10.65	18.75	17.65	13.95	15.15	26.6	15.8	15.25	11.9	12.6	22.75	34.85	7.43	6.76	10.6	14.45	10.22	14.25	9.04
D14_CD14+ Monocytes	23.2	25.6	17.65	17.35	19	23.45	16.15	15.7	15	14.95	16	19.8	31.7	9.175	14.75	24.65	19.55	8.57	13.5	22.25	13.7	10.3	17.35	16.4	7.595	5.15	13.7	20.6	25.2	10.285	11.4	10.35	7.165	6.435	22.05	15.65	23.05	13.8	7.07	10.505	12.75	6.255	8.09	11	18.05	16.85	6.14	14.35	28.5	20.1	12.4	10.535	15.85	18.55	11.95	9.64	6.465	11.9	11.8	13.05	14.95	11.65
D0_CD3+ T cells	57	70.35	52.75	62.85	56.5	52.6	64.5	54.2	51.6	67.25	61.3	42.35	57.8	70.25	62.1	46.7	65.1	67.45	71.45	64.7	62.5	73.85	64.35	63.25	60.35	69.4	62.25	58.85	63	76.4	64.95	67.15	71.5	70.6	60.4	50.15	60.3	62.75	67.95	74.6	65.05	69.7	72.6	71.65	63.1	62.55	61.85	67.95	57.35	63.95	64.8	64.4	63	64.8	73.8	74.05	77.8	67.45	69.25	71.6	65.05	69.55
D1_CD3+ T cells	56.15	57	50	57.95	59.75	48.75	62.55	56.3	51.95	60.4	57.5	62.55	43.9	76.3	59.25	39.1	61.85	66.55	64.75	45.5	52	73.5	58.5	59.25	60.7	71.7	59.95	47.9	53.35	75.85	59.6	63.15	69	71.4	62	60.7	58.6	65.25	68.65	74.15	69.55	69.45	67.35	69.25	60.8	67.3	66.05	66.25	50.7	62	66.25	68.75	29.3	54.7	69.65	74.3	70.75	65.25	67.15	71.25	59.3	73.75
D3_CD3+ T cells	61.8	60.7	46.85	68.4	56	53.2	58.15	60.5	54.2	68.2	61.15	62.6	59.05	73.55	58.35	39	65.35	65.95	70.15	61.25	59.4	73.75	64.2	65.05	63.95	69	60.3	55.6	54.8	75.8	62.35	69.35	70.75	72.8	61.6	59.6	60.25	66.55	70.25	72.5	70.1	72.55	67.15	68.75	59.65	61.6	68.3	64.75	59.75	68.8	66.5	69.4	62.05	40.35	76.5	73.8	75.2	64.55	59.75	74.05	65.4	66.45
D7_CD3+ T cells	62.35	58.3	51	66.4	63.3	53.65	65.1	63.8	51.45	71.8	60.65	60.85	56.85	71.7	61.55	42.6	61.45	68.05	73.3	60.75	60.35	78.05	64.1	66.85	62.3	71.65	54.9	54.7	49.8	72.2	56.8	65.2	63.4	78.85	63.3	60.8	57.9	62.05	70.5	70.35	68.45	76	74.55	72.65	59.5	64.35	61.7	69.85	58.85	69.35	66.35	68.25	65.15	61.55	52.9	76.65	75.75	63.05	71.3	72.95	65.25	73.55
D14_CD3+ T cells	61.4	61.95	49.7	69.85	57.65	48.2	66.45	67.75	51.35	69.9	59.45	61.65	57.05	70.35	63.3	45.9	66.6	67.95	72.65	61.8	55.95	75.45	66	63.95	65.6	74.35	55	48.15	52.05	76.3	67.3	68.45	70.95	78	57.15	61.85	59.9	64.65	72.95	73.55	66.65	75.05	71.4	73.75	61.45	67.1	70.85	72.2	56.3	66.25	71.05	69.85	63.3	65.25	75.95	77	74.5	61.45	73.2	67.45	64.5	68.55
D0_CD56+ NK cells	4.87	4.07	26.3	5.96	9.585	13.7	5.465	6.415	19.85	3.22	7.935	4.355	4.125	9.255	12.8	20.25	4.64	9.135	7.415	9.135	19.35	6.835	4.095	6.92	8.99	11.95	11.45	11.25	10.3	5.255	14.55	6.28	6.315	10.4	14.55	21.55	8.665	8.85	5.69	6.99	9.02	6.665	7.365	3.41	4.855	8.24	5.945	7.15	5.385	3.915	4.175	9.67	5.35	6.555	5.315	2.575	4.48	9.74	10.85	5.795	4.97	9.73
D1_CD56+ NK cells	5.04	7.56	21.2	6.24	9.92	13.75	4.26	8.005	18.85	2.8	7.47	5.76	5.075	6.5	13	23.3	4.41	8.69	7.255	5.215	6.775	8.75	4.655	5.945	6.975	10.5	15.85	10.55	11.05	5.07	12.5	7.415	7.325	8.205	12.6	14.3	6.075	9.22	6.035	6.995	10.6	5.495	8.735	2.865	4.62	3.175	4.46	8.185	3.405	4.425	4.34	8.72	2.955	5.82	4.15	2.29	6.155	10.4	11.1	4.94	4.4	7.585
D3_CD56+ NK cells	6.715	5.26	23.95	4.015	9.87	10.1	5.565	8.205	18.9	3.665	9.46	4.225	5.945	7.185	13.6	17.2	5.14	9.4	4.345	8.205	22.4	8.12	4.03	7.045	10.9	10.9	17.6	12.25	12.2	6.79	11.9	7.57	7.95	9.82	11.15	17.8	8.36	8.81	5.77	5.545	9.475	5.705	8.4	4.155	6.115	3.24	6.615	8.325	5.125	2.925	4.455	7.61	4.57	3.445	3.345	3.03	5.57	10.1	8.815	5.875	5.535	7.44
D7_CD56+ NK cells	4.78	5.965	21.65	5.305	6.505	9.555	5.87	6.61	22.35	3.105	5.835	3.51	5.6	6.3	10.8	14.85	5.685	9.705	4.49	10.9	19.95	6.81	3.09	7.5	11.9	9.92	20.7	10.8	13.05	4.535	11.3	9.53	8.795	7.125	9.97	17.65	6.485	9.13	5.13	9.18	10	6.87	7.405	4.24	4.99	3.76	6.64	5.14	5.16	3.75	6.02	7.05	5.785	6.2	3.725	2.355	6.91	15.65	6.13	5.495	4.715	6.545
D14_CD56+ NK cells	4.775	3.915	22.9	4.235	10.22	11.4	6.78	6.565	21.85	3.775	6.565	7.285	4.685	11.3	11	18.05	4.28	9.68	5.635	8.5	21.4	6.995	4.45	7.495	10.17	11.25	21.7	9.68	13.4	7.325	12.95	8.705	5.155	6.855	10.8	14.6	6.72	9.645	4.995	7.105	8.32	7.85	8.645	3.455	4.005	3.725	6.35	3.95	6.335	3.755	5.39	10.3	5.11	7.815	4.42	3.75	8.77	16.9	7.54	6.41	7.26	5.82
D0_CD19+ B cells	8.075	5.84	2.78	4.65	8.01	9.9	7.885	4.99	6.265	8.625	6.93	7.1	1.765	4.695	5.065	3.97	5.765	7.925	4.42	3.015	3.675	3.04	7.35	5.835	10.95	3.08	3.315	6.895	6.75	2.74	2.29	10.055	9.44	6.835	3.235	1.605	5.9	8.675	11.4	6.01	6.6	7.52	6.705	8.02	13.95	7.405	9.79	5.69	4.925	5.23	10.04	7.875	11.1	4.995	4.23	7.08	6.155	3.905	3.47	8.21	11	7.77
D1_CD19+ B cells	6.12	3.91	2.655	3.665	9.475	10.47	7.43	4.895	5.35	7.645	5.72	1.71	3.47	4.31	5.42	3.395	5.71	10.23	3.565	9.615	12.5	2.34	7.37	5.665	10.545	4.235	2.415	6.63	7.535	2.225	2.22	7.66	9.73	6.265	3	2.4	6.285	6.535	9.585	4.155	6.17	8.475	6.785	7.985	14.95	8.235	9.465	4.31	4.275	7.075	9.225	6.4	22.45	4.83	5.09	8.585	6.245	3.34	3.39	7.795	10.12	7.505
D3_CD19+ B cells	4.26	3.585	2.215	3.64	7.375	9.015	6.52	5.01	5.435	8.815	5.445	5.13	1.5	4.845	5.275	3.015	5.34	9.23	3.815	2.72	2.375	1.925	6.72	6.48	8.33	4.855	2.5	4.495	7.325	2.455	1.875	8.19	8.94	5.115	3.99	1.815	5.28	6.465	9.925	4.535	5.275	7.235	6.3	8.645	11.9	10.45	8.935	4.41	3.05	6.32	9.215	7.485	10.19	4.33	5.87	8.83	5.71	3.815	3.3	5.81	6.965	8.71
D7_CD19+ B cells	5.11	3.365	2.955	4.115	8.565	9.54	6.315	5.375	5.425	7.05	8.025	4.935	1.605	5.315	5.31	4.01	4.985	10.1	4.79	2.49	3.315	2.045	7.905	4.625	8.86	4.695	2.155	6.54	5.785	3.42	1.89	5.945	9.595	4.615	4.18	2.155	6.015	6.005	10.8	3.94	4.665	6.62	7.41	8.395	12.55	8.74	10.45	5.305	3.13	5.185	8.195	7.56	9.945	3.705	3.185	9.455	5.67	3.57	3.63	6.445	10.35	6.82
D14_CD19+ B cells	4.905	3.655	2.98	4.285	7.25	9.87	4.62	4.92	5.295	8.45	6.62	5.655	1.63	4.12	4.51	3.255	4.635	10	3.845	3.12	4.125	2.355	5.95	7.17	8.85	3.765	2.125	6.135	5.305	2.49	2.04	6.135	10.6	5.37	3.68	2.185	4.955	6.25	9.975	4.01	6.925	6.705	6.42	7.615	12.85	7.315	10.35	4.755	3.27	4.42	7.59	5.22	9.68	3.47	4.38	5.805	5.265	2.61	3.035	8.24	7.53	9.295
D1/0_Lin- HLA-DR+ total DCs	-0.111	-0.18	0.256	-0.09	-0.255	0.0975	0.1685	0.145	0.23	0.1075	0.085	-0.325	-0.095	0.019	0.405	0.6	0.16	0.0095	0.2905	1.78	3.4085	-0.0195	-0.105	0.435	0.0145	0.014	-0.115	0.03	0.335	-0.171	-0.044	-0.02	-0.058	0.006	0.505	-0.005	-0.205	0.2075	-0.101	0.058	-0.191	0.0925	0.04	0.106	0.3525	0.15	0.2635	-0.0695	0.25	-0.07	0.155	-0.086	2.575	0.1605	0.2535	-0.055	0.669	0.3	0.005	-0.01	-0.1155	0.0165
D3/0_Lin- HLA-DR+ total DCs	0.0645	-0.07	0.596	-0.1515	0	0.086	0.2535	-0.1	0.315	0.1375	0	-0.8165	-0.04	0.2	0.265	0.14	-0.078	-0.054	0.3155	0.07	0.4385	0.241	-0.165	-0.263	-0.0345	-0.1985	-0.114	0.025	0.485	-0.2905	0.0075	-0.0845	0.0235	-0.0665	-0.13	-0.361	-0.265	0.34	-0.019	0.186	-0.268	0.0525	-0.3905	0.112	-0.082	0.15	0.1835	0.2605	0.13	-0.08	-0.07	-0.163	-0.0435	0.3945	0.2735	-0.095	0.2075	0.4	0.45	0.015	-0.025	0.0335
D7/0_Lin- HLA-DR+ total DCs	-0.0125	0.025	0.411	-0.2255	-0.4575	0.1575	0.2585	-0.1475	0.015	-0.092	-0.025	-0.7005	0.125	0.0635	0.125	0.38	0.035	-0.087	-0.2295	-0.28	0.1785	0.236	-0.125	0.345	0.0455	-0.159	0.0245	0.21	0.22	-0.247	-0.0875	-0.2815	0.009	-0.088	-0.06	-0.249	0.05	0.84	-0.0115	0.0755	-0.081	0.056	-0.2335	-0.0045	0.075	0.115	0.2645	-0.034	0.025	0.095	0.005	-0.0885	-0.1885	-0.0505	0.3385	-0.335	0.199	-0.02	-0.005	-0.169	-0.1375	0.0805
D14/0_Lin- HLA-DR+ total DCs	-0.157	-0.205	0.281	-0.335	-0.105	0.273	-0.145	-0.158	-0.2755	0.0875	-0.025	-0.415	0.23	-0.05	0.2	0.47	-0.05	0.029	-0.077	-0.1	0.2385	0.316	-0.01	-0.1725	0.1545	-0.095	0.005	0.515	0.2	-0.3095	-0.163	-0.122	0.057	-0.148	-0.055	-0.2415	-0.125	0.46	-0.048	-0.059	0.3165	0.0215	-0.2065	0.0615	-0.0245	0.075	0.2385	0.3005	0.0255	0.025	-0.1345	-0.119	0.0895	-0.1935	0.185	-0.43	0.299	0.315	0.115	-0.045	0.16	0.096
D1/0_CD11c+ Myeloid cells	-0.059	0.019	0.0525	-0.014	-0.213	0.0515	0.013	0.005	0.037	0.105	-0.101	-0.4435	0.0485	0.0465	0.2245	0.65	-0.094	-0.017	0.0265	0.844	1.7875	-0.1605	-0.0665	0.3065	0.0355	-0.0565	0.0085	0.0445	0.199	-0.0305	-0.075	0.016	-0.037	-0.019	0.387	0.127	-0.0995	0.139	-0.11	0.0445	-0.1505	0.019	-0.003	0.098	0.1265	0.0645	0.165	0.0695	0.0755	0.075	-0.013	0.012	0.9985	0.0835	0.0455	0.093	0.077	0.065	-0.009	-0.083	-0.1925	-0.014
D3/0_CD11c+ Myeloid cells	0.017	0.1095	0.3465	0.0175	-0.0415	0.089	0.0725	-0.1	0.1275	0.08	-0.1465	-0.4535	-0.0495	0.0685	0.1695	0.24	-0.0665	-0.014	0.0625	0.025	0.185	0.031	-0.048	-0.2705	0.0005	-0.153	-0.0025	-0.027	0.1815	-0.208	0.0865	0.0245	-0.036	-0.005	0.317	0.0055	-0.0905	0.2315	-0.051	0.1105	-0.1355	-0.0015	-0.0845	0.128	-0.0105	0.146	0.23	0.089	0.0295	0.04	-0.083	-0.0125	-0.0205	0.051	0.1175	-0.1635	0.153	0.177	0.1005	0.0815	-0.1085	-0.0065
D7/0_CD11c+ Myeloid cells	-0.051	0.0205	0.153	0.0035	-0.201	0.0675	0.042	-0.0795	-0.0445	0.0675	-0.069	-0.469	-0.002	0.102	0.0995	0.645	0.0515	-0.027	-0.034	-0.057	0.235	0.033	0.0715	0.251	0.003	-0.1875	-0.01	0.1455	0.063	-0.165	-0.1015	-0.1515	0.0015	-0.065	0.055	-0.0515	0.008	0.296	-0.11	0.0055	-0.08	-0.0145	-0.1195	0.0655	0.06	0.0855	0.1655	-0.015	0.043	0.028	-0.1055	0.027	-0.0615	-0.043	0.065	-0.2885	0.0965	0.051	-0.0885	-0.065	-0.098	0.0645
D14/0_CD11c+ Myeloid cells	-0.1505	0.078	0.0765	-0.0745	-0.1975	0.0685	-0.138	-0.1515	-0.245	0.0185	-0.025	-0.3835	-0.027	-0.0195	0.0695	0.59	-0.0595	0.0245	-0.018	-0.011	0.135	-0.0025	0.0995	-0.132	0.0575	-0.176	0.012	0.273	0.103	-0.2745	-0.1455	-0.0555	0.0185	-0.077	-0.031	0.1315	-0.089	0.2595	-0.111	0.0135	-0.0735	-0.019	-0.053	0.0915	-0.0605	0.0225	0.1475	0.1845	-0.0255	0.078	-0.14	-0.019	0.017	-0.1145	0.098	-0.0985	0.081	0.1905	0.1275	0.022	0.037	0.0525
D1/0_BDCA-1+ mDC1	-0.0565	0.0125	0.0455	-0.0115	-0.206	0.0405	-0.005	0.0065	0.026	0.0965	-0.104	-0.484	0.109	0.0455	0.2165	0.64	-0.0875	-0.019	0.017	0.717	1.6075	-0.153	-0.0675	0.283	0.033	-0.0325	0.0135	0.0335	0.182	-0.032	-0.066	0.0155	-0.038	-0.0185	0.4135	0.0975	-0.1085	0.1355	-0.106	0.0425	-0.135	0.016	0.0085	0.0945	0.1175	0.051	0.1515	0.0675	0.0575	0.0535	-0.006	0.013	0.9435	0.0775	0.0455	0.0995	0.0775	0.063	-0.008	-0.078	-0.0875	-0.0035
D3/0_BDCA-1+ mDC1	0.0215	0.0865	0.2595	0.0255	-0.0455	0.0765	0.054	-0.0825	0.1215	0.0785	-0.135	-0.4485	-0.037	0.0665	0.1615	0.23	-0.055	-0.016	0.0635	0.0265	0.173	0.025	-0.0505	-0.2675	0.0005	-0.119	0.004	-0.024	0.181	-0.199	0.093	0.022	-0.0395	-0.003	0.3635	0.01	-0.0865	0.222	-0.046	0.107	-0.113	-0.0065	-0.0625	0.131	-0.0055	0.131	0.224	0.079	0.0255	0.042	-0.0685	-0.0115	-0.017	0.054	0.1145	-0.146	0.15	0.1705	0.0945	0.0925	0.0105	0.0035
D7/0_BDCA-1+ mDC1	-0.0455	0.0165	0.1385	0.008	-0.1925	0.0645	0.0285	-0.0585	-0.0375	0.0705	-0.068	-0.4685	-0.013	0.1	0.094	0.615	0.054	-0.0275	-0.0285	-0.057	0.221	0.036	0.059	0.196	0.0045	-0.1375	-0.0055	0.13	0.0245	-0.1675	-0.0885	-0.149	0.001	-0.059	0.1195	-0.045	0.001	0.282	-0.093	0.0065	-0.0645	-0.016	-0.1065	0.066	0.043	0.0575	0.154	-0.0115	0.0335	0.0365	-0.097	0.023	-0.054	-0.0485	0.046	-0.269	0.097	0.049	-0.0995	-0.0595	0.002	0.0725
D14/0_BDCA-1+ mDC1	-0.144	0.071	0.0705	-0.07	-0.1995	0.0605	-0.1345	-0.129	-0.2235	0.0135	-0.0205	-0.3855	-0.0295	-0.02	0.061	0.57	-0.0615	0.0225	-0.01	-0.024	0.128	-0.011	0.093	-0.1655	0.058	-0.154	-0.0155	0.262	0.105	-0.259	-0.132	-0.053	0.021	-0.076	0.0385	0.1315	-0.086	0.24	-0.092	0.017	-0.0715	-0.0185	-0.0355	0.0925	-0.06	0.009	0.1475	0.183	-0.0185	0.077	-0.121	-0.019	0.0105	-0.108	0.087	-0.0965	0.076	0.1755	0.118	0.027	0.1575	0.0595
D1/0_CD123++ pDCs	-0.053	-0.1775	0.1985	-0.038	-0.062	0.028	0.158	0.1425	0.187	0.001	0.2155	0.1325	-0.1535	-0.027	0.178	0.0055	0.234	0.0265	0.2675	0.7685	1.499	0.1445	-0.0295	0.1265	-0.021	0.064	-0.1195	-0.047	0.1455	-0.14	0.0435	-0.021	-0.0325	0.025	0.125	-0.157	-0.108	0.0565	0.03	0.025	-0.0115	0.0785	0.0505	0.0135	0.2295	0.0755	0.073	-0.1095	0.167	-0.1385	0.172	-0.0945	1.404	0.054	0.2075	-0.1405	0.5705	0.211	0.021	0.077	0.0855	0.02
D3/0_CD123++ pDCs	0.0565	-0.1535	0.2415	-0.1355	0.0195	-0.002	0.189	0.0175	0.1795	0.062	0.134	-0.3295	0.0015	0.1195	0.1075	-0.0265	-0.0225	-0.034	0.2625	0.089	0.2245	0.226	-0.119	-0.0225	-0.0255	-0.0385	-0.0725	0.0315	0.281	-0.0745	-0.0445	-0.0915	0.0565	-0.0585	-0.419	-0.4	-0.148	0.1025	0.0685	0.0865	-0.082	0.041	-0.279	-0.016	-0.05	-0.014	0.0425	0.2005	0.1065	-0.1155	0.027	-0.149	-0.0325	0.364	0.135	0.085	0.0505	0.196	0.3025	-0.0595	0.1025	0.017
D7/0_CD123++ pDCs	0.0345	0.027	0.225	-0.204	-0.2755	0.0815	0.1855	-0.0555	0.06	-0.1825	0.0315	-0.248	0.102	-0.037	0.0305	-0.226	-0.033	-0.059	-0.218	-0.198	-0.083	0.1885	-0.2235	0.0445	0.0045	0.029	-0.0115	0.055	0.152	-0.0725	0.0505	-0.122	-0.007	-0.017	-0.145	-0.227	-0.003	0.477	0.1185	0.057	-0.0055	-0.01865	-0.15	-0.0845	0.007	-0.045	0.069	-0.0095	-0.046	0.0505	0.0845	-0.1265	-0.1355	-0.048	0.1955	-0.1545	0.1045	-0.083	0.0315	-0.091	-0.0295	0.0005
D14/0_CD123++ pDCs	0.0025	-0.2505	0.2145	-0.247	0.057	0.198	0.004	-0.0075	-0.021	0.0905	0.018	-0.021	0.2195	-0.013	0.1305	-0.069	-0.0005	0.0055	-0.0405	-0.0645	0.069	0.321	-0.1015	-0.022	0.108	0.067	0.012	0.217	0.061	-0.031	0.0215	-0.0595	0.019	-0.068	0	-0.386	-0.033	0.2035	0.106	-0.0525	0.035	0.0395	-0.145	-0.063	0.025	0.0435	0.143	0.1465	0.009	-0.04	0.0245	-0.0955	0.032	-0.0585	0.0725	-0.305	0.2135	0.1355	-0.028	-0.065	0.1475	0.0585
D1/0_BDCA-1-ve My cells	-0.0019	0.0072	0.0074	-0.002	-0.00735	0.01115	0.01805	-0.00125	0.0111	0.00835	0.00295	0.041	-0.06105	0.0008	0.0085	0.0064	-0.00595	0.001955	0.00935	0.13025	0.17925	-0.0076	0.0011	0.02125	0.0023	-0.0236	-0.00605	0.0112	0.0175	0.0011	-0.00825	0.00105	0.0016	-0.00065	-0.0255	0.0292	0.00865	0.00385	-0.0042	0.002	-0.01525	0.00275	-0.01165	0.00365	0.0102	0.014	0.01205	0.0015	0.018	0.0213	-0.0076	-0.000995	0.05665	0.0055	-0.0007	-0.00455	-0.00105	0.0018	-0.00105	-0.0052	-0.10565	-0.01108
D3/0_BDCA-1-ve My cells	-0.00445	0.02455	0.0875	-0.00735	0.0037	0.01235	0.018	-0.0172	0.0065	0.0015	-0.01145	-0.0041	-0.01225	0.00175	0.00835	0.0156	-0.0114	0.001775	-0.0004	-0.00195	0.012	0.00615	0.0033	-0.0032	-0.0003	-0.0336	-0.0069	-0.00325	0	-0.0091	-0.00585	0.0029	0.0042	-0.00215	-0.0502	-0.004685	-0.0045	0.0092	-0.00565	0.0035	-0.02225	0.00515	-0.0219	-0.0024	-0.00475	0.01595	0.00505	0.0102	0.0039	-0.0021	-0.015	-0.00084	-0.0036	-0.00315	0.0028	-0.0196	0.0028	0.00565	0.0055	-0.0115	-0.1198	-0.010205
D7/0_BDCA-1-ve My cells	-0.005	0.00455	0.01565	-0.0033	-0.009	0.00335	0.0131	-0.0206	-0.0074	-0.00325	-0.00145	-0.00045	0.01125	0.00215	0.0072	0.02895	-0.00225	0.00092	-0.00595	-0.00055	0.0138	-0.00285	0.01285	0.05475	-0.0015	-0.04955	-0.0047	0.0155	0.0387	0.0025	-0.0123	-0.002325	0.00095	-0.0059	-0.062	-0.006435	0.0065	0.01415	-0.01705	-0.0013	-0.01575	0.0012	-0.01365	-0.00055	0.0179	0.0286	0.01075	-0.00365	0.00965	-0.0089	-0.0084	0.003915	-0.0071	0.0056	0.01895	-0.02195	0.0003	0.0012	0.0109	-0.0059	-0.10015	-0.0079
D14/0_BDCA-1-ve My cells	-0.00625	0.0069	0.00645	-0.0031	0.0019	0.00835	-0.00415	-0.0222	-0.0213	0.00485	-0.0045	0.00105	0.0026	-0.00005	0.0087	0.02395	0.0025	0.00187	-0.008165	0.0129	0.0069	0.00825	0.00625	0.03345	-0.0002	-0.0213	0.0271	0.01195	-0.0014	-0.01575	-0.013	-0.0019	-0.0015	-0.0008	-0.07125	-0.00075	-0.0034	0.01945	-0.0195	-0.00345	-0.0023	-0.00045	-0.01725	-0.00065	0.0005	0.0142	-0.0003	0.00135	-0.00735	0.001	-0.019	0.000265	0.00585	-0.00615	0.0105	-0.0041	0.0048	0.0148	0.0137	-0.00575	-0.12135	-0.00725
D1/0_CD11cloCD123loHLA-DR+ cells	0.0005	-0.0263	0.00415	-0.029	0.01755	0.0183	-0.00495	-0.005	0.00605	0.0002	-0.028	-0.00975	0.01255	-0.0007	0.0019	-0.0605	0.01805	-0.00145	-0.0068	0.13185	0.1123	-0.00315	-0.0118	0.0041	0.00125	0.0086	-0.001	0.02885	-0.01145	-0.00435	-0.01245	-0.0085	0.0109	-0.00105	-0.0025	0.02445	0.001	0.0144	-0.0198	-0.01105	-0.02835	-0.00545	-0.0067	-0.0068	-0.00385	0.0106	0.0255	-0.02945	0.00395	-0.0062	-0.0051	-0.0054	0.16095	0.022	0.00435	0.0025	0.02115	0.0231	-0.00465	-0.0021	-0.00925	0.0119
D3/0_CD11cloCD123loHLA-DR+ cells	-0.0096	-0.0248	0.0059	-0.026	0.01805	-0.0017	-0.00925	-0.02175	0.0098	-0.00515	0.0125	-0.0314	0.00455	0.0122	-0.01475	-0.0757	0.0104	-0.00215	-0.0076	-0.01745	0.03245	-0.0123	0.00345	0.0318	-0.00795	-0.00545	-0.0358	0.01995	0.02555	-0.01025	-0.03525	-0.01225	0.00275	-0.0038	-0.01915	0.02925	-0.028	0.00815	-0.03565	-0.00985	-0.04955	0.01275	-0.027	-0.00125	-0.0204	0.0138	-0.08865	-0.02875	-0.00725	-0.0067	-0.01465	-0.00235	0.0105	-0.0242	0.0235	-0.00335	0.0026	0.0241	0.0513	-0.0038	-0.01365	0.0237
D7/0_CD11cloCD123loHLA-DR+ cells	0.00305	-0.0232	0.0349	-0.0205	0.0173	0.0101	0.0272	-0.0126	-0.00055	0.02325	0.0125	0.01665	0.0259	-0.0017	-0.0075	-0.0428	0.0176	0.005	0.0225	0.0013	0.02975	0.0161	0.02805	0.05205	0.0387	0.00065	0.047	0.0129	0.00405	-0.0121	-0.03685	-0.0046	0.01405	-0.0062	0.0318	0.0265	0.0445	0.0663	-0.0193	0.0135	0.0055	0.08835	0.03645	0.0125	0.00805	0.0687	0.0305	-0.00975	0.02145	0.0208	0.02265	0.00955	0.0106	0.03985	0.07855	0.1205	-0.0005	0.0126	0.0483	-0.0084	-0.00865	0.01495
D14/0_CD11cloCD123loHLA-DR+ cells	-0.0094	-0.0283	-0.00515	-0.009	0.03535	0.00495	-0.00955	0.0015	-0.0068	-0.0205	-0.0185	-0.00995	0.0374	-0.01685	0.00205	-0.0515	0.01185	0.00035	-0.01635	-0.0009	0.0326	-0.00475	-0.0108	-0.0161	-0.01015	0.01515	-0.017	0.0218	0.03455	-0.00635	-0.0399	-0.00315	0.01925	-0.0039	-0.0186	0.00915	0.0005	-0.0038	-0.04225	-0.0194	0.35375	0.0012	-0.0091	0.0329	0.011	0.0088	-0.052	-0.0308	0.03895	-0.0104	-0.02085	-0.00425	0.0429	-0.0219	0.01665	-0.0192	0.0088	-0.008	0.0158	-0.0023	-0.02435	-0.0145
D1/0_CD123+ Basophils	-0.3715	0.29	0.615	0.14	-0.09	-0.35	0.205	0.015	0.03	0.119	0.315	-0.815	0.31	-0.335	0.4	1.2	-0.19	0.135	0.22	-0.8055	-0.823	0.135	-0.305	-1.1075	-0.027	1.0575	-0.24	0.896	-0.246	-0.05	0.015	0.3	0.105	0.845	1.035	-1.22	-0.21	0.235	0.082	0.125	-0.06575	0.1	0.217	-0.29	0.1505	0.593	-0.69	-0.1395	0.79	0.415	0.135	-0.115	-0.845	0.512	0.1	0.047	-0.044	-0.255	-0.035	0.8075	-1.2505	0.295
D3/0_CD123+ Basophils	-0.526	0.475	-0.215	-0.195	0.585	-0.165	0.715	-0.03	0.125	-0.2425	1.14	-0.735	-0.195	-0.345	0.57	0.56	0.035	-0.015	0.33	0.1895	0.1225	0.43	-0.16	-0.37	1.201	1.0675	-0.59	1.296	-0.305	-0.845	0.395	-0.66	-0.051	0.215	0.035	0.325	-0.225	-0.08	-0.121	0.15	-0.045	0.17	0.2045	-0.175	0.2305	0.528	-1.245	0.775	0.22	-0.192	0.165	-0.24	-0.085	-0.2	-0.2905	-0.127	0.17	-0.31	0.63	0.2975	-0.38	0.685
D7/0_CD123+ Basophils	0.11	0.495	0.63	0.08	-0.015	0.265	0.075	0.05	0.16	-0.4585	0.885	-0.995	-0.025	-0.1	0.87	1.005	0.02	-0.115	0.17	-0.212	-0.191	0.565	-0.365	-0.335	0.741	1.3975	-0.185	0.371	-0.386	-0.49	1.52	1.465	0.0625	0.115	0.96	1.395	0.025	1.265	0.205	-0.055	-0.0465	-0.1965	0.563	0.02	0.061	0.545	0.645	0.97	-0.135	-0.1205	0.265	0.39	-0.44	0.472	0.475	-0.039	-0.144	-0.685	0.1	0.0475	-0.555	0.66
D14/0_CD123+ Basophils	-0.5275	0.545	0.35	0.025	0.51	0.38	0.135	-0.05	0.14	-0.391	1.39	-1.1	0.125	-0.29	0.905	0.83	0.5	-0.17	-0.25	0.2595	0.0105	0.32	-0.04	-0.37	0.736	0.3495	-0.395	0.751	-0.458	-0.645	-0.7005	1.185	0.005	-0.09	0.765	0.315	0.435	0.89	0.1825	0.36	-0.04	0.21	0.459	-0.145	0.224	0.783	-0.72	0.13	-0.07	-0.161	0.045	-0.445	0.195	0.3415	-0.5835	-0.2035	-0.1695	-1.405	-0.289	0.1525	-0.555	-0.21
D1/0_CD16++ Neutrophils	-0.121	-0.527	-0.0465	-0.235	0.18	0.233	0.128	1.36	-0.245	0.245	1.035	-1.785	1.66	0.165	-0.16	0.15	0.0945	1.0875	0.0725	-0.916	-1.5715	0.345	-0.29	-1.405	3.5	-0.5425	2.7195	-5.15	-1.9	5.275	15.785	5.555	-2.67	-0.275	1.395	6.86	2.29	-2.409	-0.0495	-0.8215	-0.32	-0.374	0.135	-0.137	-0.06	-0.631	-0.0915	0.259	-0.306	0.003	1.5085	-0.726	-0.982	2.75	2.455	-1.665	0.1935	-0.68	1.1555	0.445	5.085	-3.48
D3/0_CD16++ Neutrophils	-0.207	-0.6735	-0.207	-0.4245	0.06	0.0735	0.4315	-0.7365	-0.955	0.338	0.3	-0.27	-0.4085	0.12	0.29	0.5	0.18	-0.0395	-0.1975	0.38	0.615	-0.4615	0.18	14.21	-12.04	2.93	3.0745	-5.485	8.85	7.735	-2.86	-7.3905	2.525	0.43	-0.11	-3.325	2.69	-2.367	-0.057	-0.7215	-0.227	-0.0985	-0.6	0.2475	-0.055	-0.4075	0.034	0.5285	0.1105	-0.503	0.5435	-0.872	0.54	8.19	1.09	0.355	0.1635	-0.855	2.6205	0.545	0.78	-1.355
D7/0_CD16++ Neutrophils	-0.096	-0.095	0.026	-0.5375	-0.4975	-0.1465	0.0955	-0.5995	-1.04	-0.089	0.19	-1.505	-0.3745	0.615	-0.13	1.27	-0.2185	-0.13	-0.6525	-0.7485	-0.675	-0.015	-0.785	-1.48	-12.505	0.01	1.7045	-3.925	1.8	10.405	-2.2	-5.315	-0.795	-0.1	1.265	-1.815	1.02	-1.8855	0.0995	-0.8155	-0.217	-0.3915	-0.485	-0.0485	0.073	-0.634	0.0895	0.0755	-0.1725	-0.1705	-0.074	0.055	-0.79	2.605	4.06	2.485	0.08	-1.61	0.196	0.18	4.745	-3.385
D14/0_CD16++ Neutrophils	-0.27805	-0.3365	0.0185	-0.4	-0.21	0.597	-0.044	-0.408	-0.43	0.0365	1.385	-0.7	-0.3195	-0.965	-0.155	-0.2585	-0.3005	-0.225	-0.4065	0.02	-0.625	-0.521	-0.42	-2.435	-11.405	-0.1165	1.0195	26.56	-12.885	0.555	15.585	-6.015	13.01	-0.25	2.03	-3.26	2.33	-2.3405	0.17	-0.5035	-0.027	-0.195	-0.6725	0.261	-0.081	-0.652	-0.1914	0.1585	0.222	-0.267	-0.225	-0.8495	-0.401	1.52	-1.485	-2.72	0.479	-1.585	-0.2965	-0.126	-0.3495	16.96
D1/0_CD14+ Monocytes	3.65	11.4	6.75	5.55	-4.9	3.85	3.8	-2.7	1.4	8.2	4	-14.25	10.5	-2.335	1.6	3.65	2.25	-1.725	6.95	11.1	9.95	-1.45	5.7	6.4	0.87	-0.95	-1.55	11.35	5.7	0.7	5.65	3.7	1.57	2.095	-0.55	-4.35	4.5	0.35	0.695	2.095	-3.65	-0.615	4.39	2.95	1.3	0.2	-0.5	1.6	8.2	-0.05	-1.35	-1.4	22.35	9.95	3.95	-1.635	4.13	1.55	1.8	1.275	7.2	-1.235
D3/0_CD14+ Monocytes	-2.2	9.95	8.15	-2.25	0.25	5.15	6.45	-6.45	-0.95	-1.4	-1	-16.25	-2.7	-1.45	1.9	11.95	-1.35	0.15	4.75	4.8	0.6	-0.9	1.45	-5.8	-0.375	0.7	-1.45	5.1	-0.6	-0.85	6.3	-0.49	-0.34	0.61	1.4	-6	1.7	-0.6	-2.69	4.905	-1.8	-1.545	4.14	0.5	3.85	3.05	-3.81	3.15	-0.6	-3.8	-1.15	-1.85	4.2	27.15	-1.995	-1.86	1.535	2.4	10.05	0.185	2.45	4.3
D7/0_CD14+ Monocytes	-2.45	12.2	5.55	-2.05	-3.4	4.25	0.6	-8.45	-1.55	-2.3	1	-12.65	-0.4	0.9	1.3	8.9	3.15	-2.545	1.15	3.45	0.885	-3.925	1.35	-2.35	-0.31	-0.615	0.4	4.35	4.3	3.2	11.3	2.2	3.45	-1.92	0.8	-9.05	2.75	2.7	-0.61	4.055	-1.2	-6.06	-2.995	-2.55	4.6	0.9	0.15	0.95	0.4	-5.35	-1.65	-0.95	-0.5	3.75	22.85	-4.37	-0.46	-1	2.4	0.895	0.7	0.49
D14/0_CD14+ Monocytes	-1.35	10.85	5.7	-4.85	-1	6.6	1	-11.4	-1.55	-2.85	1.25	-18.7	-0.1	-1.575	0.05	2.7	-0.5	-2.53	1.95	3.35	3	-1.8	-0.1	-2.05	-0.665	-3.51	-1.1	5.25	10.4	-1.515	-1.7	-0.4	-0.535	-1.19	6.95	-5.45	3.65	0.6	-0.835	2.46	-0.15	-4.645	-0.22	-2.2	3.9	0.1	-7.66	0.15	2.3	-1.05	-4.5	-2.315	2.75	-0.45	-0.05	-2.16	-0.755	0.3	-0.25	3.725	1.4	3.1
D1/0_CD3+ T cells	-0.85	-13.35	-2.75	-4.9	3.25	-3.85	-1.95	2.1	0.35	-6.85	-3.8	20.2	-13.9	6.05	-2.85	-7.6	-3.25	-0.9	-6.7	-19.2	-10.5	-0.35	-5.85	-4	0.35	2.3	-2.3	-10.95	-9.65	-0.55	-5.35	-4	-2.5	0.8	1.6	10.55	-1.7	2.5	0.7	-0.45	4.5	-0.25	-5.25	-2.4	-2.3	4.75	4.2	-1.7	-6.65	-1.95	1.45	4.35	-33.7	-10.1	-4.15	0.25	-7.05	-2.2	-2.1	-0.35	-5.75	4.2
D3/0_CD3+ T cells	4.8	-9.65	-5.9	5.55	-0.5	0.6	-6.35	6.3	2.6	0.95	-0.15	20.25	1.25	3.3	-3.75	-7.7	0.25	-1.5	-1.3	-3.45	-3.1	-0.1	-0.15	1.8	3.6	-0.4	-1.95	-3.25	-8.2	-0.6	-2.6	2.2	-0.75	2.2	1.2	9.45	-0.05	3.8	2.3	-2.1	5.05	2.85	-5.45	-2.9	-3.45	-0.95	6.45	-3.2	2.4	4.85	1.7	5	-0.95	-24.45	2.7	-0.25	-2.6	-2.9	-9.5	2.45	0.35	-3.1
D7/0_CD3+ T cells	5.35	-12.05	-1.75	3.55	6.8	1.05	0.6	9.6	-0.15	4.55	-0.65	18.5	-0.95	1.45	-0.55	-4.1	-3.65	0.6	1.85	-3.95	-2.15	4.2	-0.25	3.6	1.95	2.25	-7.35	-4.15	-13.2	-4.2	-8.15	-1.95	-8.1	8.25	2.9	10.65	-2.4	-0.7	2.55	-4.25	3.4	6.3	1.95	1	-3.6	1.8	-0.15	1.9	1.5	5.4	1.55	3.85	2.15	-3.25	-20.9	2.6	-2.05	-4.4	2.05	1.35	0.2	4
D14/0_CD3+ T cells	4.4	-8.4	-3.05	7	1.15	-4.4	1.95	13.55	-0.25	2.65	-1.85	19.3	-0.75	0.1	1.2	-0.8	1.5	0.5	1.2	-2.9	-6.55	1.6	1.65	0.7	5.25	4.95	-7.25	-10.7	-10.95	-0.1	2.35	1.3	-0.55	7.4	-3.25	11.7	-0.4	1.9	5	-1.05	1.6	5.35	-1.2	2.1	-1.65	4.55	9	4.25	-1.05	2.3	6.25	5.45	0.3	0.45	2.15	2.95	-3.3	-6	3.95	-4.15	-0.55	-1
D1/0_CD56+ NK cells	0.17	3.49	-5.1	0.28	0.335	0.05	-1.205	1.59	-1	-0.42	-0.465	1.405	0.95	-2.755	0.2	3.05	-0.23	-0.445	-0.16	-3.92	-12.575	1.915	0.56	-0.975	-2.015	-1.45	4.4	-0.7	0.75	-0.185	-2.05	1.135	1.01	-2.195	-1.95	-7.25	-2.59	0.37	0.345	0.005	1.58	-1.17	1.37	-0.545	-0.235	-5.065	-1.485	1.035	-1.98	0.51	0.165	-0.95	-2.395	-0.735	-1.165	-0.285	1.675	0.66	0.25	-0.855	-0.57	-2.145
D3/0_CD56+ NK cells	1.845	1.19	-2.35	-1.945	0.285	-3.6	0.1	1.79	-0.95	0.445	1.525	-0.13	1.82	-2.07	0.8	-3.05	0.5	0.265	-3.07	-0.93	3.05	1.285	-0.065	0.125	1.91	-1.05	6.15	1	1.9	1.535	-2.65	1.29	1.635	-0.58	-3.4	-3.75	-0.305	-0.04	0.08	-1.445	0.455	-0.96	1.035	0.745	1.26	-5	0.67	1.175	-0.26	-0.99	0.28	-2.06	-0.78	-3.11	-1.97	0.455	1.09	0.36	-2.035	0.08	0.565	-2.29
D7/0_CD56+ NK cells	-0.09	1.895	-4.65	-0.655	-3.08	-4.145	0.405	0.195	2.5	-0.115	-2.1	-0.845	1.475	-2.955	-2	-5.4	1.045	0.57	-2.925	1.765	0.6	-0.025	-1.005	0.58	2.91	-2.03	9.25	-0.45	2.75	-0.72	-3.25	3.25	2.48	-3.275	-4.58	-3.9	-2.18	0.28	-0.56	2.19	0.98	0.205	0.04	0.83	0.135	-4.48	0.695	-2.01	-0.225	-0.165	1.845	-2.62	0.435	-0.355	-1.59	-0.22	2.43	5.91	-4.72	-0.3	-0.255	-3.185
D14/0_CD56+ NK cells	-0.095	-0.155	-3.4	-1.725	0.635	-2.3	1.315	0.15	2	0.555	-1.37	2.93	0.56	2.045	-1.8	-2.2	-0.36	0.545	-1.78	-0.635	2.05	0.16	0.355	0.575	1.18	-0.7	10.25	-1.57	3.1	2.07	-1.6	2.425	-1.16	-3.545	-3.75	-6.95	-1.945	0.795	-0.695	0.115	-0.7	1.185	1.28	0.045	-0.85	-4.515	0.405	-3.2	0.95	-0.16	1.215	0.63	-0.24	1.26	-0.895	1.175	4.29	7.16	-3.31	0.615	2.29	-3.91
D1/0_CD19+ B cells	-1.955	-1.93	-0.125	-0.985	1.465	0.57	-0.455	-0.095	-0.915	-0.98	-1.21	-5.39	1.705	-0.385	0.355	-0.575	-0.055	2.305	-0.855	6.6	8.825	-0.7	0.02	-0.17	-0.405	1.155	-0.9	-0.265	0.785	-0.515	-0.07	-2.395	0.29	-0.57	-0.235	0.795	0.385	-2.14	-1.815	-1.855	-0.43	0.955	0.08	-0.035	1	0.83	-0.325	-1.38	-0.65	1.845	-0.815	-1.475	11.35	-0.165	0.86	1.505	0.09	-0.565	-0.08	-0.415	-0.88	-0.265
D3/0_CD19+ B cells	-3.815	-2.255	-0.565	-1.01	-0.635	-0.885	-1.365	0.02	-0.83	0.19	-1.485	-1.97	-0.265	0.15	0.21	-0.955	-0.425	1.305	-0.605	-0.295	-1.3	-1.115	-0.63	0.645	-2.62	1.775	-0.815	-2.4	0.575	-0.285	-0.415	-1.865	-0.5	-1.72	0.755	0.21	-0.62	-2.21	-1.475	-1.475	-1.325	-0.285	-0.405	0.625	-2.05	3.045	-0.855	-1.28	-1.875	1.09	-0.825	-0.39	-0.91	-0.665	1.64	1.75	-0.445	-0.09	-0.17	-2.4	-4.035	0.94
D7/0_CD19+ B cells	-2.965	-2.475	0.175	-0.535	0.555	-0.36	-1.57	0.385	-0.84	-1.575	1.095	-2.165	-0.16	0.62	0.245	0.04	-0.78	2.175	0.37	-0.525	-0.36	-0.995	0.555	-1.21	-2.09	1.615	-1.16	-0.355	-0.965	0.68	-0.4	-4.11	0.155	-2.22	0.945	0.55	0.115	-2.67	-0.6	-2.07	-1.935	-0.9	0.705	0.375	-1.4	1.335	0.66	-0.385	-1.795	-0.045	-1.845	-0.315	-1.155	-1.29	-1.045	2.375	-0.485	-0.335	0.16	-1.765	-0.65	-0.95
D14/0_CD19+ B cells	-3.17	-2.185	0.2	-0.365	-0.76	-0.03	-3.265	-0.07	-0.97	-0.175	-0.31	-1.445	-0.135	-0.575	-0.555	-0.715	-1.13	2.075	-0.575	0.105	0.45	-0.685	-1.4	1.335	-2.1	0.685	-1.19	-0.76	-1.445	-0.25	-0.25	-3.92	1.16	-1.465	0.445	0.58	-0.945	-2.425	-1.425	-2	0.325	-0.815	-0.285	-0.405	-1.1	-0.09	0.56	-0.935	-1.655	-0.81	-2.45	-2.655	-1.42	-1.525	0.15	-1.275	-0.89	-1.295	-0.435	0.03	-3.47	1.525
